245 234 244
234 233 244
234 223 233
223 222 233
223 212 222
212 211 222
212 201 211
201 200 211
201 189 200
189 188 200
189 177 188
177 176 188
177 165 176
165 164 176
165 153 164
153 152 164
153 141 152
141 140 152
141 129 140
129 128 140
129 117 128
117 116 128
117 105 116
105 104 116
244 233 243
233 232 243
233 222 232
222 221 232
222 211 221
211 210 221
211 200 210
200 199 210
200 188 199
188 187 199
188 176 187
176 175 187
176 164 175
164 163 175
164 152 163
152 151 163
152 140 151
140 139 151
140 128 139
128 127 139
128 116 127
116 115 127
116 104 115
104 103 115
243 232 242
232 231 242
232 221 231
221 220 231
221 210 220
210 209 220
210 199 209
199 198 209
199 187 198
187 186 198
187 175 186
175 174 186
175 163 174
163 162 174
163 151 162
151 150 162
151 139 150
139 138 150
139 127 138
127 126 138
127 115 126
115 114 126
115 103 114
103 102 114
242 231 241
231 230 241
231 220 230
220 219 230
220 209 219
209 208 219
209 198 208
198 197 208
198 186 197
186 185 197
186 174 185
174 173 185
174 162 173
162 161 173
162 150 161
150 149 161
150 138 149
138 137 149
138 126 137
126 125 137
126 114 125
114 113 125
114 102 113
102 101 113
241 230 240
230 229 240
230 219 229
219 218 229
219 208 218
208 207 218
208 197 207
197 196 207
197 185 196
185 184 196
185 173 184
173 172 184
173 161 172
161 160 172
161 149 160
149 148 160
149 137 148
137 136 148
137 125 136
125 124 136
125 113 124
113 112 124
113 101 112
101 100 112
240 229 239
229 228 239
229 218 228
218 217 228
218 207 217
207 206 217
207 195 206
195 194 206
195 183 194
183 182 194
183 171 182
171 170 182
171 159 170
159 158 170
159 147 158
147 146 158
147 135 146
135 134 146
135 123 134
123 122 134
123 111 122
111 110 122
111 99 110
99 98 110
239 228 238
228 227 238
228 217 227
217 216 227
217 206 216
206 205 216
206 194 205
194 193 205
194 182 193
182 181 193
182 170 181
170 169 181
170 158 169
158 157 169
158 146 157
146 145 157
146 134 145
134 133 145
134 122 133
122 121 133
122 110 121
110 109 121
110 98 109
98 97 109
238 227 237
227 226 237
227 216 226
216 215 226
216 205 215
205 204 215
205 193 204
193 192 204
193 181 192
181 180 192
181 169 180
169 168 180
169 157 168
157 156 168
157 145 156
145 144 156
145 133 144
133 132 144
133 121 132
121 120 132
121 109 120
109 108 120
109 97 108
97 96 108
237 226 236
226 225 236
226 215 225
215 214 225
215 204 214
204 203 214
204 192 203
192 191 203
192 180 191
180 179 191
180 168 179
168 167 179
168 156 167
156 155 167
156 144 155
144 143 155
144 132 143
132 131 143
132 120 131
120 119 131
120 108 119
108 107 119
108 96 107
96 95 107
236 225 235
225 224 235
225 214 224
214 213 224
214 203 213
203 202 213
203 191 202
191 190 202
191 179 190
179 178 190
179 167 178
167 166 178
167 155 166
155 154 166
155 143 154
143 142 154
143 131 142
131 130 142
131 119 130
119 118 130
119 107 118
107 106 118
107 95 106
95 94 106
245 92 234
234 92 223
223 92 212
212 92 201
201 92 189
189 92 177
177 92 165
165 92 153
153 92 141
141 92 129
129 92 117
117 92 105
235 224 93
224 213 93
213 202 93
202 190 93
190 178 93
178 166 93
166 154 93
154 142 93
142 130 93
130 118 93
118 106 93
106 94 93
105 92 0
104 105 0
104 0 1
103 104 1
103 1 2
102 103 2
102 2 3
102 3 4
16 93 94
15 16 94
15 94 95
14 15 95
14 95 96
13 14 96
13 96 97
12 13 97
0 92 245
0 245 17
245 244 17
17 244 243
17 243 18
18 243 242
18 242 19
19 242 20
242 241 20
20 241 21
21 241 240
21 240 81
81 240 22
22 240 239
22 239 23
23 239 24
24 239 238
24 238 25
25 238 237
25 237 26
26 237 236
26 236 235
26 235 16
16 235 93