0 92 17
92 133 17
92 123 133
92 113 123
92 103 113
133 132 17
133 123 132
123 122 132
113 122 123
113 112 122
103 112 113
103 102 112
17 132 18
132 131 18
132 122 131
122 121 131
122 112 121
112 111 121
112 102 111
102 101 111
18 131 19
131 130 19
131 121 130
121 120 130
121 111 120
111 110 120
111 101 110
101 100 110
19 130 20
130 129 20
130 120 129
120 119 129
120 110 119
110 109 119
110 100 109
100 99 109
20 129 21
21 129 81
81 129 128
81 128 22
22 128 23
129 119 128
119 118 128
119 109 118
109 108 118
109 99 108
99 98 108
23 128 24
128 127 24
128 118 127
118 117 127
118 108 117
108 107 117
108 98 107
98 97 107
24 127 25
127 126 25
127 117 126
117 116 126
117 107 116
107 106 116
107 97 106
97 96 106
25 126 26
126 125 26
126 116 125
116 115 125
116 106 115
106 105 115
106 96 105
96 95 105
26 125 124
125 115 124
115 114 124
115 105 114
105 104 114
105 95 104
95 94 104
26 124 16
16 124 93
93 124 114
93 114 104
93 104 94